2
0
2
20
2
40
2
60
2
80
2
100
2
120
2
140
2
160
2
180
2
200
2
[6.11670147e-05 6.22827593e-05 6.34158711e-05 6.45664300e-05
 6.57345058e-05 6.69201573e-05 6.81234322e-05 6.93443661e-05
 7.05829820e-05 7.18392897e-05 7.31132852e-05 7.44049500e-05
 7.57142503e-05 7.70411365e-05 7.83855426e-05 7.97473852e-05
 8.11265633e-05 8.25229570e-05 8.39364273e-05 8.53668150e-05
 8.68139404e-05 8.82776023e-05 8.97575775e-05 9.12536198e-05
 9.27654597e-05 9.42928034e-05 9.58353325e-05 9.73927030e-05
 9.89645447e-05 1.00550461e-04 1.02150027e-04 1.03762792e-04
 1.05388275e-04 1.07025967e-04 1.08675328e-04 1.10335792e-04
 1.12006758e-04 1.13687597e-04 1.15377650e-04 1.17076225e-04
 1.18782600e-04 1.20496021e-04 1.22215701e-04 1.23940825e-04
 1.25670543e-04 1.27403976e-04 1.29140212e-04 1.30878309e-04
 1.32617295e-04 1.34356168e-04 1.36093894e-04 1.37829412e-04
 1.39561634e-04 1.41289441e-04 1.43011691e-04 1.44727214e-04
 1.46434817e-04 1.48133281e-04 1.49821369e-04 1.51497819e-04
 1.53161353e-04 1.54810674e-04 1.56444469e-04 1.58061410e-04
 1.59660158e-04 1.61239363e-04 1.62797666e-04 1.64333702e-04
 1.65846102e-04 1.67333495e-04 1.68794509e-04 1.70227778e-04
 1.71631938e-04 1.73005635e-04 1.74347524e-04 1.75656273e-04
 1.76930566e-04 1.78169105e-04 1.79370612e-04 1.80533836e-04
 1.81657546e-04 1.82740546e-04 1.83781667e-04 1.84779777e-04
 1.85733778e-04 1.86642614e-04 1.87505268e-04 1.88320768e-04
 1.89088188e-04 1.89806651e-04 1.90475331e-04 1.91093453e-04
 1.91660297e-04 1.92175201e-04 1.92637559e-04 1.93046825e-04
 1.93402514e-04 1.93704204e-04 1.93951535e-04 1.94144212e-04
 1.94282003e-04 1.94364744e-04 1.94392336e-04 1.94364744e-04
 1.94282003e-04 1.94144212e-04 1.93951535e-04 1.93704204e-04
 1.93402514e-04 1.93046825e-04 1.92637559e-04 1.92175201e-04
 1.91660297e-04 1.91093453e-04 1.90475331e-04 1.89806651e-04
 1.89088188e-04 1.88320768e-04 1.87505268e-04 1.86642614e-04
 1.85733778e-04 1.84779777e-04 1.83781667e-04 1.82740546e-04
 1.81657546e-04 1.80533836e-04 1.79370612e-04 1.78169105e-04
 1.76930566e-04 1.75656273e-04 1.74347524e-04 1.73005635e-04
 1.71631938e-04 1.70227778e-04 1.68794509e-04 1.67333495e-04
 1.65846102e-04 1.64333702e-04 1.62797666e-04 1.61239363e-04
 1.59660158e-04 1.58061410e-04 1.56444469e-04 1.54810674e-04
 1.53161353e-04 1.51497819e-04 1.49821369e-04 1.48133281e-04
 1.46434817e-04 1.44727214e-04 1.43011691e-04 1.41289441e-04
 1.39561634e-04 1.37829412e-04 1.36093894e-04 1.34356168e-04
 1.32617295e-04 1.30878309e-04 1.29140212e-04 1.27403976e-04
 1.25670543e-04 1.23940825e-04 1.22215701e-04 1.20496021e-04
 1.18782600e-04 1.17076225e-04 1.15377650e-04 1.13687597e-04
 1.12006758e-04 1.10335792e-04 1.08675328e-04 1.07025967e-04
 1.05388275e-04 1.03762792e-04 1.02150027e-04 1.00550461e-04
 9.89645447e-05 9.73927030e-05 9.58353325e-05 9.42928034e-05
 9.27654597e-05 9.12536198e-05 8.97575775e-05 8.82776023e-05
 8.68139404e-05 8.53668150e-05 8.39364273e-05 8.25229570e-05
 8.11265633e-05 7.97473852e-05 7.83855426e-05 7.70411365e-05
 7.57142503e-05 7.44049500e-05 7.31132852e-05 7.18392897e-05
 7.05829820e-05 6.93443661e-05 6.81234322e-05 6.69201573e-05
 6.57345058e-05]
